0000465391
0001126707
0001129353
0001059841
0001159024
0001106865
0000983931
0001096475
0001092159
0000829385
0001079153
0000125086
0000991969
0001003637
0000720763
0001164661
0000953134
0001170969
0000751516
0000995413
0000277147
0001121964
0001022929
0001161462
0001106302
0001003302
0000935339
0001160167
0000738462
0000394089
0000012878
0001044948
0001139986
0001142613
0001147368
0000918455
0001135600
0000296255
0001002656
0001081568
0000741847
0001083172
0000996923
0001078646
0000612370
0000941985
0000667548
0000067681
0001111708
0000866877
0000816034
0000707739
0000980438
0001092264
0000866764
0001048794
0001091418
0000919083
0001103083
0000510458
0001117179
0000684240
0001111286
0001098990
0001113133
0001096371
0000909422
0001094123
0000875307
0001119949
0000636785
0001106897
0000871663
0001076500
0001005854
0000978105
0000887528
0001104420
0000973619
0000794442
0001039523
0001042797
0000468122
0000878245
0001026830
0001056603
0000996509
0000764550
0001037136
0001008036
0001057306
0001037417
0000356778
0001067173
0000790533
0001040283
0000935021
0000692806
0000922633
0000922189
0000034606
0001074691
0000275523
0001052167
0000962104
0001056179
0001062041
0000824003
0001072137
0000898763
0000246663
0001009538
0001023354
0000998657
0000032667
0000929974
0000139210
0000917874
0001045846
0001023771
0000889260
0000594518
0000032649
0001016044
0000635795
0000945072
0001050392
0000897467
0000980820
0000996527
0001002587
0001013785
0000989748
0000940956
0000818458
0001020516
0001007619
0000738948
0000999906
0001024972
0001018765
0000901451
0000824601
0001031808
0000941473
0000446368
0001017610
0000981962
0000920325
0001000390
0000932031
0000979833
0000793021
0000997445
0000914402
0000997696
0001004527
0000993714
0000944514
0000924366
0001018188
0000872023
0000936551
0001009699
0000973121
0000803828
0000956607
0001003380
0000990455
0000986333
0000974970
0000455480
0000897708
0000966487
0000978672
0000901212
0000420869
0000941153
0000741352
0000918248
0000959009
0000931335
0000867962
0000954117
0000926411
0000912443
0000958289
0000851331
0000993396
0000815555
0000390977
0000972673
0000954950
0000939002
0000961952
0000902840
0000956074
0000964985
0000929347
0000979055
0000971823
0000941228
0000917651
0000887461
0000939839
0000940993
0000941444
0000927852
0000609877
0000924264
0000896455
0000481261
0000948997
0000874206
0000905853
0000251346
0000058205
0000982071
0000968045
0000953550
0000486167
0000612529
0000871246
0000936000
0000954766
0000841673
0000887690
0000804674
0000352910
0000922769
0000901501
0000844575
0000887037
0000943744
0000916840
0000926335
0000884859
0000674460
0000906735
0000877470
0000113924
0000880415
0000911656
0000912683
0000898943
0000841087
0000912550
0000893815
0000907341
0000735885
0000635590
0000800510
0000799177
0000841819
0000786026
0000853269
0000933322
0000899313
0000875682
0000769219
0000922568
0000918259
0000866863
0000928563
0000588729
0000895676
0000818107
0000900202
0000882020
0000898108
0000881308
0000983987
0000672179
0000550161
0000913770
0000914787
0000724362
0000004324
0000691638
0000867639
0000881868
0000740920
0000903303
0000927151
0000881326
0000853687
0000909558
0000901511
0000917820
0000902135
0000846229
0000845096
0000904051
0000902447
0000852436
0000883443
0000788039
0000902960
0000856873
0000898982
0000896859
0000905985
0000900080
0000286062
0000898965
0000565486
0000897504
0000753818
0000848230
0000875689
0000556957
0000908260
0000868874
0000886873
0000896572
0000764563
0000733236
0000804238
0000900312
0000817748
0000740280
0000672215
0000802318
0000637215
0000881435
0000881025
0000050909
0000904569
0000420481
7272848771
0000887045
0000871153
0000866844
0000690167
0000889348
0000756415
0000877729
0000887767
0000395171
0000818077
0000886944
0000908125
0000871039
0000839679
0000672989
0000881422
0000896867
0000889667
0000786821
0000906954
0000315361
0000881372
0000869035
0000896179
0000878626
0000860872
0000900562
0000535618
0000881412
0000749997
0000865847
0000840970
0000845831
0000775033
0000410247
0000880991
0000869718
0000853947
0000848739
0000407094
0000854253
0000586444
0000816779
0000847596
0000664968
0000028071
0000705171
0000882417
0000703804
0000857298
0000874925
0000871671
0000508663
0000724919
0000744521
0000789927
0000862781
0000808904
0000634990
0000703366
0000065126
0000863634
0000702657
0000703362
0000781892
0000452537
0000851130
0000862510
0000691682
0000680331
0000774982
0000638495
0000808233
0000857567
0000472558
0000858861
0000867888
0000852377
0000687033
0000824923
0000446450
0000851132
0000711740
0000816066
0000800573
0000867844
0000866580
0000708589
0000784171
0000296327
0000844113
0000864387
0000609600
0000355489
0000855316
0000844665
0000837783
0000846769
0000677637
0000737054
0000584229
0000822742
0000746994
0000853825
0000853098
0000851770
0000713329
0000836230
0000756383
0000831652
0000778179
0000836753
0000837928
0000841132
0000757077
0000798013
0000678459
0000828989
0000662554
0000325053
0000809796
0000750305
0000807929
0000793229
0000609507
0000707300
0000773117
0000823049
0000770403
0000130748
0000755722
0000825472
0000829630
0000771658
0000811594
0000529324
0000807735
0000391461
0000754131
0000404869
0000729621
0000185671
0000642202
0000819619
0000766519
0000783804
0000786056
0000791729
0000752236
0000833836
0000769437
0000743838
0000724021
0000804978
0000787951
0000747574
0000811782
0000370472
0000750350
0000677398
0000806187
0000065741
0000407130
0000616387
0000372335
0000812668
0000121747
0000601842
0000779822
0000708072
0000731999
0000702054
0000685455
0000740933
0000750445
0000690983
0000693352
0000688627
0000715276
0000712811
0000529853
0000537011
0000718186
0000565236
0000518853
0000568611
0000704863
0000699821
0000657123
0000443282
0000648450
0000707323
0000559284
0000589701
0000693763
0000671280
0000395367
0000666293
0000649960
0000661154
0000682579
0000672621
0000660475
0000659423
0000639585
0000619674
0000668408
0000205063
0000665017
0000499822
0000580322
0000599733
0000437778
0000490390
0000602813
0000612542
0000291327
0000166106
0000555355
0000562846
0000579900
0000530819
0000436389
0000352760
0000410818
0000525241
0000480272
0000400208
0000513365
0000512199
0000499608
0000113394
0000301483
0000477329
0000421781
0000426336
0000177577
0000482497
0000447152
0000472089
0000449009
0000305753
0000460219
0000262397
0000036244
0000053299
0000066315
0000451245
0000293705
0000322019
0000419551
0000405938
0000316388
0000353650
0000386103
0000383595
0000375933
0000393811
0000377322
0000400030
0000412022
0000396780
0000362881
0000385650
0000380227
0000396580
0000306150
0000396902
0000405409
0000379621
0000411156
0000383435
0000405842
0000389467
0000391895
0000399586
0000343763
0000392945
0000044100
0000083941
0000393095
0000370202
0000412949
0000324518
0000389414
0000380468
0000387799
0000313046
0000377784
0000384510
0000373427
0000280165
0000278240
0000172708
0000372848
0000036515
0000375404
0000366338
0000023205
0000380588
0000294978
0000377574
0000373032
0000367359
0000308826
0000373900
0000383038
0000072093
0000380757
0000275255
0000373608
0000377083
0000568547
0000323912
0000370919
0000365053
0000304374
0000358293
0000356127
0000353979
0000351323
0000359357
0000306232
0000363503
0000308997
0000350888
0000389370
0000349490
0000354814
0000296176
0000351150
0000028079
0000069229
0000357598
0000352918
0000340462
0000311478
0000271121
0000335507
0000297935
0000160492
0000313349
0000335440
0000299743
0000292194
0000347438
0000339876
0000331515
0000304553
0000322873
0000059307
0000296689
0000965148
0000302835
0000270385
0000310188
0000304913
0000288126
0000057576
0000291379
0000304079
0000734433
0000296278
0000284164
0000290680
0000289126
0000059690
0000078076
0000084266
0000279240
0000292586
0000293247
0000284645
0000290409
0000282076
0000286369
0000178650
0000282571
0000081300
0000136768
0000253077
0000267847
0000240829
0000212001
0000034099
0000251987
0000031483
0000053834
0000218370
0000028098
0000048716
0000214038
0000217580
0000012483
0000015501
0000112069
0000216182
0000026545
0000211692
0000037706
0000049872
0000011571
0000014525
0000037652
0000149976
0000022407
0000031886
0000016481
0000383606
0000369700
0000034048
0001005556
0000034143
0000041271
0000025237
0000028860
0000109717
0000006865
0000065143
0000022460
0000004542
0000000778
0000121845
0000136069
0000061500
0000782225
0000115403
0000071799
0000017158
0000030779
0000056456
0000017514
0000008723
0000001538
